   2.5000000e+02   0.0000000e+00
   2.5200000e+02   0.0000000e+00
   2.5400000e+02   0.0000000e+00
   2.5600000e+02   0.0000000e+00
   2.5800000e+02   0.0000000e+00
   2.6000000e+02   0.0000000e+00
   2.6200000e+02   0.0000000e+00
   2.6400000e+02   0.0000000e+00
   2.6600000e+02   0.0000000e+00
   2.6800000e+02   0.0000000e+00
   2.7000000e+02   0.0000000e+00
   2.7200000e+02   0.0000000e+00
   2.7400000e+02   0.0000000e+00
   2.7600000e+02   0.0000000e+00
   2.7800000e+02   0.0000000e+00
   2.8000000e+02   0.0000000e+00
   2.8200000e+02   0.0000000e+00
   2.8400000e+02   0.0000000e+00
   2.8600000e+02   0.0000000e+00
   2.8800000e+02   0.0000000e+00
   2.9000000e+02   0.0000000e+00
   2.9200000e+02   0.0000000e+00
   2.9400000e+02   0.0000000e+00
   2.9600000e+02   0.0000000e+00
   2.9800000e+02   0.0000000e+00
   3.0000000e+02   3.8200000e-04
   3.0200000e+02   3.6100000e-04
   3.0400000e+02   3.4100000e-04
   3.0600000e+02   3.2300000e-04
   3.0800000e+02   3.0500000e-04
   3.1000000e+02   2.8800000e-04
   3.1200000e+02   2.7200000e-04
   3.1400000e+02   2.5700000e-04
   3.1600000e+02   2.4200000e-04
   3.1800000e+02   2.2800000e-04
   3.2000000e+02   2.1500000e-04
   3.2200000e+02   2.0300000e-04
   3.2400000e+02   1.9100000e-04
   3.2600000e+02   1.8000000e-04
   3.2800000e+02   1.7000000e-04
   3.3000000e+02   1.6000000e-04
   3.3200000e+02   1.5100000e-04
   3.3400000e+02   1.4200000e-04
   3.3600000e+02   1.3400000e-04
   3.3800000e+02   1.2700000e-04
   3.4000000e+02   1.1900000e-04
   3.4200000e+02   1.1300000e-04
   3.4400000e+02   1.0700000e-04
   3.4600000e+02   1.0100000e-04
   3.4800000e+02   9.6000000e-05
   3.5000000e+02   9.1000000e-05
   3.5200000e+02   8.6000000e-05
   3.5400000e+02   8.2000000e-05
   3.5600000e+02   7.8000000e-05
   3.5800000e+02   7.5000000e-05
   3.6000000e+02   7.1000000e-05
   3.6200000e+02   6.9000000e-05
   3.6400000e+02   6.6000000e-05
   3.6600000e+02   6.4000000e-05
   3.6800000e+02   6.2000000e-05
   3.7000000e+02   6.0000000e-05
   3.7200000e+02   5.8000000e-05
   3.7400000e+02   5.7000000e-05
   3.7600000e+02   5.6000000e-05
   3.7800000e+02   5.5000000e-05
   3.8000000e+02   5.4000000e-05
   3.8200000e+02   5.4000000e-05
   3.8400000e+02   5.3000000e-05
   3.8600000e+02   5.3000000e-05
   3.8800000e+02   5.3000000e-05
   3.9000000e+02   5.4000000e-05
   3.9200000e+02   5.4000000e-05
   3.9400000e+02   5.4000000e-05
   3.9600000e+02   5.5000000e-05
   3.9800000e+02   5.6000000e-05
   4.0000000e+02   5.8000000e-05
   4.0200000e+02   5.9000000e-05
   4.0400000e+02   6.1000000e-05
   4.0600000e+02   6.3000000e-05
   4.0800000e+02   6.5000000e-05
   4.1000000e+02   6.7000000e-05
   4.1200000e+02   6.9000000e-05
   4.1400000e+02   7.2000000e-05
   4.1600000e+02   7.4000000e-05
   4.1800000e+02   7.6000000e-05
   4.2000000e+02   7.9000000e-05
   4.2200000e+02   8.2000000e-05
   4.2400000e+02   8.4000000e-05
   4.2600000e+02   8.7000000e-05
   4.2800000e+02   8.9000000e-05
   4.3000000e+02   9.2000000e-05
   4.3200000e+02   9.4000000e-05
   4.3400000e+02   9.7000000e-05
   4.3600000e+02   9.9000000e-05
   4.3800000e+02   1.0200000e-04
   4.4000000e+02   1.0400000e-04
   4.4200000e+02   1.0600000e-04
   4.4400000e+02   1.0800000e-04
   4.4600000e+02   1.1000000e-04
   4.4800000e+02   1.1200000e-04
   4.5000000e+02   1.1400000e-04
   4.5200000e+02   1.1600000e-04
   4.5400000e+02   1.1800000e-04
   4.5600000e+02   1.2000000e-04
   4.5800000e+02   1.2200000e-04
   4.6000000e+02   1.2400000e-04
   4.6200000e+02   1.2600000e-04
   4.6400000e+02   1.2800000e-04
   4.6600000e+02   1.3000000e-04
   4.6800000e+02   1.3300000e-04
   4.7000000e+02   1.3500000e-04
   4.7200000e+02   1.3800000e-04
   4.7400000e+02   1.4100000e-04
   4.7600000e+02   1.4400000e-04
   4.7800000e+02   1.4800000e-04
   4.8000000e+02   1.5200000e-04
   4.8200000e+02   1.5700000e-04
   4.8400000e+02   1.6200000e-04
   4.8600000e+02   1.6700000e-04
   4.8800000e+02   1.7400000e-04
   4.9000000e+02   1.8100000e-04
   4.9200000e+02   1.8900000e-04
   4.9400000e+02   1.9800000e-04
   4.9600000e+02   2.0900000e-04
   4.9800000e+02   2.2300000e-04
   5.0000000e+02   2.3800000e-04
   5.0200000e+02   2.5500000e-04
   5.0400000e+02   2.7300000e-04
   5.0600000e+02   2.9100000e-04
   5.0800000e+02   3.1000000e-04
   5.1000000e+02   3.2900000e-04
   5.1200000e+02   3.4900000e-04
   5.1400000e+02   3.6800000e-04
   5.1600000e+02   3.8600000e-04
   5.1800000e+02   4.0400000e-04
   5.2000000e+02   4.0900000e-04
   5.2200000e+02   4.1600000e-04
   5.2400000e+02   4.0900000e-04
   5.2600000e+02   4.2700000e-04
   5.2800000e+02   4.2300000e-04
   5.3000000e+02   4.2900000e-04
   5.3200000e+02   4.4500000e-04
   5.3400000e+02   4.5600000e-04
   5.3600000e+02   4.7000000e-04
   5.3800000e+02   4.8000000e-04
   5.4000000e+02   4.9500000e-04
   5.4200000e+02   5.0300000e-04
   5.4400000e+02   5.2700000e-04
   5.4600000e+02   5.4400000e-04
   5.4800000e+02   5.6400000e-04
   5.5000000e+02   5.8800000e-04
   5.5200000e+02   6.1100000e-04
   5.5400000e+02   6.3100000e-04
   5.5600000e+02   6.4600000e-04
   5.5800000e+02   6.5800000e-04
   5.6000000e+02   6.7200000e-04
   5.6200000e+02   6.8600000e-04
   5.6400000e+02   6.9900000e-04
   5.6600000e+02   7.1800000e-04
   5.6800000e+02   7.3400000e-04
   5.7000000e+02   7.5900000e-04
   5.7200000e+02   7.8700000e-04
   5.7400000e+02   8.1900000e-04
   5.7600000e+02   8.5800000e-04
   5.7800000e+02   8.9600000e-04
   5.8000000e+02   9.5200000e-04
   5.8200000e+02   1.0000000e-03
   5.8400000e+02   1.0790000e-03
   5.8600000e+02   1.1590000e-03
   5.8800000e+02   1.2530000e-03
   5.9000000e+02   1.3560000e-03
   5.9200000e+02   1.4590000e-03
   5.9400000e+02   1.5670000e-03
   5.9600000e+02   1.7000000e-03
   5.9800000e+02   1.8600000e-03
   6.0000000e+02   2.2240000e-03
   6.0200000e+02   2.3660000e-03
   6.0400000e+02   2.4480000e-03
   6.0600000e+02   2.5870000e-03
   6.0800000e+02   2.6530000e-03
   6.1000000e+02   2.6910000e-03
   6.1200000e+02   2.7150000e-03
   6.1400000e+02   2.7400000e-03
   6.1600000e+02   2.7640000e-03
   6.1800000e+02   2.7850000e-03
   6.2000000e+02   2.8100000e-03
   6.2200000e+02   2.8390000e-03
   6.2400000e+02   2.8680000e-03
   6.2600000e+02   2.8930000e-03
   6.2800000e+02   2.9220000e-03
   6.3000000e+02   2.9550000e-03
   6.3200000e+02   2.9880000e-03
   6.3400000e+02   3.0110000e-03
   6.3600000e+02   3.0380000e-03
   6.3800000e+02   3.0760000e-03
   6.4000000e+02   3.1110000e-03
   6.4200000e+02   3.1440000e-03
   6.4400000e+02   3.1810000e-03
   6.4600000e+02   3.2230000e-03
   6.4800000e+02   3.2630000e-03
   6.5000000e+02   3.3150000e-03
   6.5200000e+02   3.3620000e-03
   6.5400000e+02   3.4230000e-03
   6.5600000e+02   3.5080000e-03
   6.5800000e+02   3.6360000e-03
   6.6000000e+02   3.7910000e-03
   6.6200000e+02   3.9310000e-03
   6.6400000e+02   4.0190000e-03
   6.6600000e+02   4.0720000e-03
   6.6800000e+02   4.0980000e-03
   6.7000000e+02   4.1220000e-03
   6.7200000e+02   4.1500000e-03
   6.7400000e+02   4.1730000e-03
   6.7600000e+02   4.2230000e-03
   6.7800000e+02   4.2700000e-03
   6.8000000e+02   4.3180000e-03
   6.8200000e+02   4.3810000e-03
   6.8400000e+02   4.4580000e-03
   6.8600000e+02   4.5450000e-03
   6.8800000e+02   4.6460000e-03
   6.9000000e+02   4.7600000e-03
   6.9200000e+02   4.9030000e-03
   6.9400000e+02   5.0710000e-03
   6.9600000e+02   5.2440000e-03
   6.9800000e+02   5.4700000e-03
   7.0000000e+02   5.7220000e-03
   7.0200000e+02   5.9950000e-03
   7.0400000e+02   6.3030000e-03
   7.0600000e+02   6.6280000e-03
   7.0800000e+02   6.9930000e-03
   7.1000000e+02   7.4150000e-03
   7.1200000e+02   7.8930000e-03
   7.1400000e+02   8.4450000e-03
   7.1600000e+02   9.1090000e-03
   7.1800000e+02   9.8710000e-03
   7.2000000e+02   1.0724000e-02
   7.2200000e+02   1.1679000e-02
   7.2400000e+02   1.2684000e-02
   7.2600000e+02   1.3719000e-02
   7.2800000e+02   1.4870000e-02
   7.3000000e+02   1.6211000e-02
   7.3200000e+02   1.7872000e-02
   7.3400000e+02   1.9917000e-02
   7.3600000e+02   2.2074000e-02
   7.3800000e+02   2.3942000e-02
   7.4000000e+02   2.5319000e-02
   7.4200000e+02   2.6231000e-02
   7.4400000e+02   2.6723000e-02
   7.4600000e+02   2.7021000e-02
   7.4800000e+02   2.7216000e-02
   7.5000000e+02   2.7334000e-02
   7.5200000e+02   2.7413000e-02
   7.5400000e+02   2.7478000e-02
   7.5600000e+02   2.7542000e-02
   7.5800000e+02   2.7628000e-02
   7.6000000e+02   2.7710000e-02
   7.6200000e+02   2.7733000e-02
   7.6400000e+02   2.7742000e-02
   7.6600000e+02   2.7701000e-02
   7.6800000e+02   2.7610000e-02
   7.7000000e+02   2.7542000e-02
   7.7200000e+02   2.7482000e-02
   7.7400000e+02   2.7305000e-02
   7.7600000e+02   2.7097000e-02
   7.7800000e+02   2.6896000e-02
   7.8000000e+02   2.6590000e-02
   7.8200000e+02   2.6332000e-02
   7.8400000e+02   2.6062000e-02
   7.8600000e+02   2.5702000e-02
   7.8800000e+02   2.5335000e-02
   7.9000000e+02   2.4924000e-02
   7.9200000e+02   2.4481000e-02
   7.9400000e+02   2.4083000e-02
   7.9600000e+02   2.3742000e-02
   7.9800000e+02   2.3332000e-02
   8.0000000e+02   2.2932000e-02
   8.0200000e+02   0.0000000e+00
   8.0400000e+02   0.0000000e+00
   8.0600000e+02   2.2011000e-02
   8.0800000e+02   0.0000000e+00
   8.1000000e+02   0.0000000e+00
   8.1200000e+02   0.0000000e+00
   8.1400000e+02   0.0000000e+00
   8.1600000e+02   0.0000000e+00
   8.1800000e+02   0.0000000e+00
   8.2000000e+02   0.0000000e+00
   8.2200000e+02   0.0000000e+00
   8.2400000e+02   0.0000000e+00
   8.2600000e+02   0.0000000e+00
   8.2800000e+02   0.0000000e+00
   8.3000000e+02   0.0000000e+00
   8.3200000e+02   0.0000000e+00
   8.3400000e+02   0.0000000e+00
   8.3600000e+02   0.0000000e+00
   8.3800000e+02   0.0000000e+00
   8.4000000e+02   0.0000000e+00
   8.4200000e+02   0.0000000e+00
   8.4400000e+02   0.0000000e+00
   8.4600000e+02   0.0000000e+00
   8.4800000e+02   0.0000000e+00
   8.5000000e+02   0.0000000e+00
   8.5200000e+02   0.0000000e+00
   8.5400000e+02   0.0000000e+00
   8.5600000e+02   0.0000000e+00
   8.5800000e+02   0.0000000e+00
   8.6000000e+02   4.4661000e-02
   8.6200000e+02   0.0000000e+00
   8.6400000e+02   0.0000000e+00
   8.6600000e+02   0.0000000e+00
   8.6800000e+02   0.0000000e+00
   8.7000000e+02   0.0000000e+00
   8.7200000e+02   0.0000000e+00
   8.7400000e+02   0.0000000e+00
   8.7600000e+02   0.0000000e+00
   8.7800000e+02   0.0000000e+00
   8.8000000e+02   0.0000000e+00
   8.8200000e+02   0.0000000e+00
   8.8400000e+02   0.0000000e+00
   8.8600000e+02   0.0000000e+00
   8.8800000e+02   0.0000000e+00
   8.9000000e+02   0.0000000e+00
   8.9200000e+02   0.0000000e+00
   8.9400000e+02   0.0000000e+00
   8.9600000e+02   0.0000000e+00
   8.9800000e+02   0.0000000e+00
   9.0000000e+02   0.0000000e+00
   9.0200000e+02   0.0000000e+00
   9.0400000e+02   0.0000000e+00
   9.0600000e+02   6.7686000e-02
   9.0800000e+02   0.0000000e+00
   9.1000000e+02   0.0000000e+00
   9.1200000e+02   0.0000000e+00
   9.1400000e+02   0.0000000e+00
   9.1600000e+02   0.0000000e+00
   9.1800000e+02   0.0000000e+00
   9.2000000e+02   0.0000000e+00
   9.2200000e+02   0.0000000e+00
   9.2400000e+02   0.0000000e+00
   9.2600000e+02   0.0000000e+00
   9.2800000e+02   0.0000000e+00
   9.3000000e+02   0.0000000e+00
   9.3200000e+02   0.0000000e+00
   9.3400000e+02   0.0000000e+00
   9.3600000e+02   0.0000000e+00
   9.3800000e+02   0.0000000e+00
   9.4000000e+02   0.0000000e+00
   9.4200000e+02   0.0000000e+00
   9.4400000e+02   0.0000000e+00
   9.4600000e+02   0.0000000e+00
   9.4800000e+02   0.0000000e+00
   9.5000000e+02   0.0000000e+00
   9.5200000e+02   0.0000000e+00
   9.5400000e+02   0.0000000e+00
   9.5600000e+02   0.0000000e+00
   9.5800000e+02   0.0000000e+00
   9.6000000e+02   0.0000000e+00
   9.6200000e+02   0.0000000e+00
   9.6400000e+02   0.0000000e+00
   9.6600000e+02   0.0000000e+00
   9.6800000e+02   0.0000000e+00
   9.7000000e+02   0.0000000e+00
   9.7200000e+02   0.0000000e+00
   9.7400000e+02   0.0000000e+00
   9.7600000e+02   0.0000000e+00
   9.7800000e+02   0.0000000e+00
   9.8000000e+02   0.0000000e+00
   9.8200000e+02   0.0000000e+00
   9.8400000e+02   0.0000000e+00
   9.8600000e+02   0.0000000e+00
   9.8800000e+02   0.0000000e+00
   9.9000000e+02   0.0000000e+00
   9.9200000e+02   0.0000000e+00
   9.9400000e+02   0.0000000e+00
   9.9600000e+02   0.0000000e+00
   9.9800000e+02   0.0000000e+00
   1.0000000e+03   0.0000000e+00
