   2.5000000e+02   7.6845367e+03
   2.5200000e+02   7.4743777e+03
   2.5400000e+02   7.2715599e+03
   2.5600000e+02   7.0757722e+03
   2.5800000e+02   6.8867187e+03
   2.6000000e+02   6.7041183e+03
   2.6200000e+02   6.5277036e+03
   2.6400000e+02   6.3572202e+03
   2.6600000e+02   6.1924260e+03
   2.6800000e+02   6.0330905e+03
   2.7000000e+02   5.8789941e+03
   2.7200000e+02   5.7299276e+03
   2.7400000e+02   5.5856917e+03
   2.7600000e+02   5.4460963e+03
   2.7800000e+02   5.3109600e+03
   2.8000000e+02   5.1801099e+03
   2.8200000e+02   5.0533808e+03
   2.8400000e+02   4.9306151e+03
   2.8600000e+02   4.8116622e+03
   2.8800000e+02   4.6963782e+03
   2.9000000e+02   4.5846257e+03
   2.9200000e+02   4.4762733e+03
   2.9400000e+02   4.3711953e+03
   2.9600000e+02   4.2692714e+03
   2.9800000e+02   4.1703867e+03
   3.0000000e+02   4.0744309e+03
   3.0200000e+02   3.9812987e+03
   3.0400000e+02   3.8908891e+03
   3.0600000e+02   3.8031054e+03
   3.0800000e+02   3.7178548e+03
   3.1000000e+02   3.6350486e+03
   3.1200000e+02   3.5546016e+03
   3.1400000e+02   3.4764321e+03
   3.1600000e+02   3.4004616e+03
   3.1800000e+02   3.3266150e+03
   3.2000000e+02   3.2548202e+03
   3.2200000e+02   3.1850077e+03
   3.2400000e+02   3.1171111e+03
   3.2600000e+02   3.0510665e+03
   3.2800000e+02   2.9868124e+03
   3.3000000e+02   2.9242898e+03
   3.3200000e+02   2.8634420e+03
   3.3400000e+02   2.8042144e+03
   3.3600000e+02   2.7465546e+03
   3.3800000e+02   2.6904121e+03
   3.4000000e+02   2.6357383e+03
   3.4200000e+02   2.5824866e+03
   3.4400000e+02   2.5306119e+03
   3.4600000e+02   2.4800709e+03
   3.4800000e+02   2.4308220e+03
   3.5000000e+02   2.3828249e+03
   3.5200000e+02   2.3360410e+03
   3.5400000e+02   2.2904329e+03
   3.5600000e+02   2.2459647e+03
   3.5800000e+02   2.2026018e+03
   3.6000000e+02   2.1603107e+03
   3.6200000e+02   2.1190592e+03
   3.6400000e+02   2.0788163e+03
   3.6600000e+02   2.0395518e+03
   3.6800000e+02   2.0012369e+03
   3.7000000e+02   1.9638437e+03
   3.7200000e+02   1.9273451e+03
   3.7400000e+02   1.8917152e+03
   3.7600000e+02   1.8569287e+03
   3.7800000e+02   1.8229613e+03
   3.8000000e+02   1.7897897e+03
   3.8200000e+02   1.7573911e+03
   3.8400000e+02   1.7257436e+03
   3.8600000e+02   1.6948259e+03
   3.8800000e+02   1.6646177e+03
   3.9000000e+02   1.6350991e+03
   3.9200000e+02   1.6062510e+03
   3.9400000e+02   1.5780548e+03
   3.9600000e+02   1.5504925e+03
   3.9800000e+02   1.5235469e+03
   4.0000000e+02   1.4972011e+03
   4.0200000e+02   1.4714390e+03
   4.0400000e+02   1.4462447e+03
   4.0600000e+02   1.4216030e+03
   4.0800000e+02   1.3974992e+03
   4.1000000e+02   1.3739189e+03
   4.1200000e+02   1.3508484e+03
   4.1400000e+02   1.3282742e+03
   4.1600000e+02   1.3061833e+03
   4.1800000e+02   1.2845632e+03
   4.2000000e+02   1.2634015e+03
   4.2200000e+02   1.2426865e+03
   4.2400000e+02   1.2224068e+03
   4.2600000e+02   1.2025510e+03
   4.2800000e+02   1.1831086e+03
   4.3000000e+02   1.1640689e+03
   4.3200000e+02   1.1454219e+03
   4.3400000e+02   1.1271576e+03
   4.3600000e+02   1.1092666e+03
   4.3800000e+02   1.0917395e+03
   4.4000000e+02   1.0745673e+03
   4.4200000e+02   1.0577412e+03
   4.4400000e+02   1.0412528e+03
   4.4600000e+02   1.0250938e+03
   4.4800000e+02   1.0092562e+03
   4.5000000e+02   9.9373222e+02
   4.5200000e+02   9.7851428e+02
   4.5400000e+02   9.6359503e+02
   4.5600000e+02   9.4896735e+02
   4.5800000e+02   9.3462428e+02
   4.6000000e+02   9.2055908e+02
   4.6200000e+02   9.0676520e+02
   4.6400000e+02   8.9323627e+02
   4.6600000e+02   8.7996608e+02
   4.6800000e+02   8.6694861e+02
   4.7000000e+02   8.5417799e+02
   4.7200000e+02   8.4164852e+02
   4.7400000e+02   8.2935467e+02
   4.7600000e+02   8.1729102e+02
   4.7800000e+02   8.0545233e+02
   4.8000000e+02   7.9383349e+02
   4.8200000e+02   7.8242952e+02
   4.8400000e+02   7.7123559e+02
   4.8600000e+02   7.6024698e+02
   4.8800000e+02   7.4945911e+02
   4.9000000e+02   7.3886750e+02
   4.9200000e+02   7.2846781e+02
   4.9400000e+02   7.1825580e+02
   4.9600000e+02   7.0822734e+02
   4.9800000e+02   6.9837842e+02
   5.0000000e+02   6.8870511e+02
   5.0200000e+02   6.7920361e+02
   5.0400000e+02   6.6987019e+02
   5.0600000e+02   6.6070124e+02
   5.0800000e+02   6.5169322e+02
   5.1000000e+02   6.4284269e+02
   5.1200000e+02   6.3414629e+02
   5.1400000e+02   6.2560076e+02
   5.1600000e+02   6.1720290e+02
   5.1800000e+02   6.0894961e+02
   5.2000000e+02   6.0083785e+02
   5.2200000e+02   5.9286467e+02
   5.2400000e+02   5.8502718e+02
   5.2600000e+02   5.7732256e+02
   5.2800000e+02   5.6974808e+02
   5.3000000e+02   5.6230105e+02
   5.3200000e+02   5.5497886e+02
   5.3400000e+02   5.4777896e+02
   5.3600000e+02   5.4069886e+02
   5.3800000e+02   5.3373613e+02
   5.4000000e+02   5.2688840e+02
   5.4200000e+02   5.2015336e+02
   5.4400000e+02   5.1352874e+02
   5.4600000e+02   5.0701233e+02
   5.4800000e+02   5.0060200e+02
   5.5000000e+02   4.9429562e+02
   5.5200000e+02   4.8809115e+02
   5.5400000e+02   4.8198657e+02
   5.5600000e+02   4.7597994e+02
   5.5800000e+02   4.7006932e+02
   5.6000000e+02   4.6425286e+02
   5.6200000e+02   4.5852872e+02
   5.6400000e+02   4.5289512e+02
   5.6600000e+02   4.4735031e+02
   5.6800000e+02   4.4189258e+02
   5.7000000e+02   4.3652028e+02
   5.7200000e+02   4.3123176e+02
   5.7400000e+02   4.2602544e+02
   5.7600000e+02   4.2089976e+02
   5.7800000e+02   4.1585320e+02
   5.8000000e+02   4.1088426e+02
   5.8200000e+02   4.0599149e+02
   5.8400000e+02   4.0117348e+02
   5.8600000e+02   3.9642882e+02
   5.8800000e+02   3.9175615e+02
   5.9000000e+02   3.8715415e+02
   5.9200000e+02   3.8262151e+02
   5.9400000e+02   3.7815696e+02
   5.9600000e+02   3.7375924e+02
   5.9800000e+02   3.6942714e+02
   6.0000000e+02   3.6515947e+02
   6.0200000e+02   3.6095506e+02
   6.0400000e+02   3.5681276e+02
   6.0600000e+02   3.5273145e+02
   6.0800000e+02   3.4871005e+02
   6.1000000e+02   3.4474748e+02
   6.1200000e+02   3.4084268e+02
   6.1400000e+02   3.3699464e+02
   6.1600000e+02   3.3320234e+02
   6.1800000e+02   3.2946481e+02
   6.2000000e+02   3.2578107e+02
   6.2200000e+02   3.2215018e+02
   6.2400000e+02   3.1857123e+02
   6.2600000e+02   3.1504330e+02
   6.2800000e+02   3.1156550e+02
   6.3000000e+02   3.0813697e+02
   6.3200000e+02   3.0475686e+02
   6.3400000e+02   3.0142433e+02
   6.3600000e+02   2.9813857e+02
   6.3800000e+02   2.9489877e+02
   6.4000000e+02   2.9170415e+02
   6.4200000e+02   2.8855395e+02
   6.4400000e+02   2.8544741e+02
   6.4600000e+02   2.8238379e+02
   6.4800000e+02   2.7936237e+02
   6.5000000e+02   2.7638244e+02
   6.5200000e+02   2.7344330e+02
   6.5400000e+02   2.7054428e+02
   6.5600000e+02   2.6768471e+02
   6.5800000e+02   2.6486393e+02
   6.6000000e+02   2.6208129e+02
   6.6200000e+02   2.5933619e+02
   6.6400000e+02   2.5662798e+02
   6.6600000e+02   2.5395607e+02
   6.6800000e+02   2.5131987e+02
   6.7000000e+02   2.4871880e+02
   6.7200000e+02   2.4615227e+02
   6.7400000e+02   2.4361974e+02
   6.7600000e+02   2.4112066e+02
   6.7800000e+02   2.3865448e+02
   6.8000000e+02   2.3622067e+02
   6.8200000e+02   2.3381873e+02
   6.8400000e+02   2.3144814e+02
   6.8600000e+02   2.2910839e+02
   6.8800000e+02   2.2679901e+02
   6.9000000e+02   2.2451951e+02
   6.9200000e+02   2.2226942e+02
   6.9400000e+02   2.2004827e+02
   6.9600000e+02   2.1785562e+02
   6.9800000e+02   2.1569101e+02
   7.0000000e+02   2.1355402e+02
   7.0200000e+02   2.1144420e+02
   7.0400000e+02   2.0936114e+02
   7.0600000e+02   2.0730442e+02
   7.0800000e+02   2.0527364e+02
   7.1000000e+02   2.0326840e+02
   7.1200000e+02   2.0128831e+02
   7.1400000e+02   1.9933297e+02
   7.1600000e+02   1.9740203e+02
   7.1800000e+02   1.9549509e+02
   7.2000000e+02   1.9361180e+02
   7.2200000e+02   1.9175181e+02
   7.2400000e+02   1.8991476e+02
   7.2600000e+02   1.8810030e+02
   7.2800000e+02   1.8630809e+02
   7.3000000e+02   1.8453781e+02
   7.3200000e+02   1.8278913e+02
   7.3400000e+02   1.8106172e+02
   7.3600000e+02   1.7935526e+02
   7.3800000e+02   1.7766946e+02
   7.4000000e+02   1.7600400e+02
   7.4200000e+02   1.7435858e+02
   7.4400000e+02   1.7273292e+02
   7.4600000e+02   1.7112671e+02
   7.4800000e+02   1.6953968e+02
   7.5000000e+02   1.6797155e+02
   7.5200000e+02   1.6642204e+02
   7.5400000e+02   1.6489088e+02
   7.5600000e+02   1.6337781e+02
   7.5800000e+02   1.6188257e+02
   7.6000000e+02   1.6040490e+02
   7.6200000e+02   1.5894454e+02
   7.6400000e+02   1.5750126e+02
   7.6600000e+02   1.5607481e+02
   7.6800000e+02   1.5466494e+02
   7.7000000e+02   1.5327143e+02
   7.7200000e+02   1.5189403e+02
   7.7400000e+02   1.5053254e+02
   7.7600000e+02   1.4918671e+02
   7.7800000e+02   1.4785633e+02
   7.8000000e+02   1.4654119e+02
   7.8200000e+02   1.4524106e+02
   7.8400000e+02   1.4395575e+02
   7.8600000e+02   1.4268505e+02
   7.8800000e+02   1.4142874e+02
   7.9000000e+02   1.4018665e+02
   7.9200000e+02   1.3895856e+02
   7.9400000e+02   1.3774428e+02
   7.9600000e+02   1.3654363e+02
   7.9800000e+02   1.3535642e+02
   8.0000000e+02   1.3418247e+02
   8.0200000e+02   1.3302159e+02
   8.0400000e+02   1.3187360e+02
   8.0600000e+02   1.3073834e+02
   8.0800000e+02   1.2961563e+02
   8.1000000e+02   1.2850530e+02
   8.1200000e+02   1.2740719e+02
   8.1400000e+02   1.2632113e+02
   8.1600000e+02   1.2524695e+02
   8.1800000e+02   1.2418451e+02
   8.2000000e+02   1.2313364e+02
   8.2200000e+02   1.2209419e+02
   8.2400000e+02   1.2106601e+02
   8.2600000e+02   1.2004895e+02
   8.2800000e+02   1.1904286e+02
   8.3000000e+02   1.1804760e+02
   8.3200000e+02   1.1706303e+02
   8.3400000e+02   1.1608900e+02
   8.3600000e+02   1.1512538e+02
   8.3800000e+02   1.1417203e+02
   8.4000000e+02   1.1322883e+02
   8.4200000e+02   1.1229563e+02
   8.4400000e+02   1.1137230e+02
   8.4600000e+02   1.1045873e+02
   8.4800000e+02   1.0955479e+02
   8.5000000e+02   1.0866034e+02
   8.5200000e+02   1.0777527e+02
   8.5400000e+02   1.0689946e+02
   8.5600000e+02   1.0603280e+02
   8.5800000e+02   1.0517515e+02
   8.6000000e+02   1.0432642e+02
   8.6200000e+02   1.0348649e+02
   8.6400000e+02   1.0265523e+02
   8.6600000e+02   1.0183256e+02
   8.6800000e+02   1.0101835e+02
   8.7000000e+02   1.0021251e+02
   8.7200000e+02   9.9414917e+01
   8.7400000e+02   9.8625481e+01
   8.7600000e+02   9.7844098e+01
   8.7800000e+02   9.7070665e+01
   8.8000000e+02   9.6305086e+01
   8.8200000e+02   9.5547262e+01
   8.8400000e+02   9.4797097e+01
   8.8600000e+02   9.4054498e+01
   8.8800000e+02   9.3319370e+01
   8.9000000e+02   9.2591623e+01
   8.9200000e+02   9.1871166e+01
   8.9400000e+02   9.1157909e+01
   8.9600000e+02   9.0451765e+01
   8.9800000e+02   8.9752648e+01
   9.0000000e+02   8.9060471e+01
   9.0200000e+02   8.8375151e+01
   9.0400000e+02   8.7696606e+01
   9.0600000e+02   8.7024752e+01
   9.0800000e+02   8.6359510e+01
   9.1000000e+02   8.5700800e+01
   9.1200000e+02   8.5048544e+01
   9.1400000e+02   8.4402665e+01
   9.1600000e+02   8.3763087e+01
   9.1800000e+02   8.3129734e+01
   9.2000000e+02   8.2502533e+01
   9.2200000e+02   8.1881411e+01
   9.2400000e+02   8.1266295e+01
   9.2600000e+02   8.0657116e+01
   9.2800000e+02   8.0053802e+01
   9.3000000e+02   7.9456286e+01
   9.3200000e+02   7.8864499e+01
   9.3400000e+02   7.8278373e+01
   9.3600000e+02   7.7697844e+01
   9.3800000e+02   7.7122845e+01
   9.4000000e+02   7.6553313e+01
   9.4200000e+02   7.5989184e+01
   9.4400000e+02   7.5430395e+01
   9.4600000e+02   7.4876885e+01
   9.4800000e+02   7.4328592e+01
   9.5000000e+02   7.3785458e+01
   9.5200000e+02   7.3247422e+01
   9.5400000e+02   7.2714426e+01
   9.5600000e+02   7.2186412e+01
   9.5800000e+02   7.1663324e+01
   9.6000000e+02   7.1145106e+01
   9.6200000e+02   7.0631702e+01
   9.6400000e+02   7.0123057e+01
   9.6600000e+02   6.9619119e+01
   9.6800000e+02   6.9119833e+01
   9.7000000e+02   6.8625147e+01
   9.7200000e+02   6.8135009e+01
   9.7400000e+02   6.7649369e+01
   9.7600000e+02   6.7168176e+01
   9.7800000e+02   6.6691380e+01
   9.8000000e+02   6.6218933e+01
   9.8200000e+02   6.5750785e+01
   9.8400000e+02   6.5286890e+01
   9.8600000e+02   6.4827199e+01
   9.8800000e+02   6.4371667e+01
   9.9000000e+02   6.3920247e+01
   9.9200000e+02   6.3472894e+01
   9.9400000e+02   6.3029564e+01
   9.9600000e+02   6.2590212e+01
   9.9800000e+02   6.2154795e+01
   1.0000000e+03   6.1723269e+01
