4.500000000000000000e+02 1.223643000000000092e-01
4.510000000000000000e+02 1.255947000000000036e-01
4.520000000000000000e+02 1.292516999999999694e-01
4.530000000000000000e+02 1.322121999999999742e-01
4.540000000000000000e+02 1.353691999999999951e-01
4.550000000000000000e+02 1.370775000000000188e-01
4.560000000000000000e+02 1.386742999999999726e-01
4.570000000000000000e+02 1.399819999999999953e-01
4.580000000000000000e+02 1.410870999999999931e-01
4.590000000000000000e+02 1.423312999999999939e-01
4.600000000000000000e+02 1.436658000000000102e-01
4.610000000000000000e+02 1.450338000000000183e-01
4.620000000000000000e+02 1.462237999999999871e-01
4.630000000000000000e+02 1.472514000000000045e-01
4.640000000000000000e+02 1.480480999999999880e-01
4.650000000000000000e+02 1.494006999999999974e-01
4.660000000000000000e+02 1.504650999999999628e-01
4.670000000000000000e+02 1.516035000000000021e-01
4.680000000000000000e+02 1.526645000000000085e-01
4.690000000000000000e+02 1.536851000000000189e-01
4.700000000000000000e+02 1.544658000000000142e-01
4.710000000000000000e+02 1.556388999999999967e-01
4.720000000000000000e+02 1.566078000000000192e-01
4.730000000000000000e+02 1.574746999999999952e-01
4.740000000000000000e+02 1.581250999999999907e-01
4.750000000000000000e+02 1.589808000000000054e-01
4.760000000000000000e+02 1.597084000000000281e-01
4.770000000000000000e+02 1.605489999999999973e-01
4.780000000000000000e+02 1.613414000000000237e-01
4.790000000000000000e+02 1.621910000000000018e-01
4.800000000000000000e+02 1.629209999999999825e-01
4.810000000000000000e+02 1.634880999999999973e-01
4.820000000000000000e+02 1.642454000000000136e-01
4.830000000000000000e+02 1.646478000000000108e-01
4.840000000000000000e+02 1.651031000000000304e-01
4.850000000000000000e+02 1.656197999999999837e-01
4.860000000000000000e+02 1.662117999999999929e-01
4.870000000000000000e+02 1.665801000000000087e-01
4.880000000000000000e+02 1.670755999999999908e-01
4.890000000000000000e+02 1.677181000000000088e-01
4.900000000000000000e+02 1.681610000000000049e-01
4.910000000000000000e+02 1.684737000000000040e-01
4.920000000000000000e+02 1.689225999999999783e-01
4.930000000000000000e+02 1.696928000000000047e-01
4.940000000000000000e+02 1.700620000000000187e-01
4.950000000000000000e+02 1.705338000000000132e-01
4.960000000000000000e+02 1.710144000000000108e-01
4.970000000000000000e+02 1.714547000000000154e-01
4.980000000000000000e+02 1.719076999999999689e-01
4.990000000000000000e+02 1.722386999999999946e-01
5.000000000000000000e+02 1.725954000000000099e-01
5.010000000000000000e+02 1.730234999999999690e-01
5.020000000000000000e+02 1.734285000000000132e-01
5.030000000000000000e+02 1.737487999999999810e-01
5.040000000000000000e+02 1.740759000000000056e-01
5.050000000000000000e+02 1.746711999999999987e-01
5.060000000000000000e+02 1.748528000000000027e-01
5.070000000000000000e+02 1.751358000000000081e-01
5.080000000000000000e+02 1.754431999999999936e-01
5.090000000000000000e+02 1.757816000000000101e-01
5.100000000000000000e+02 1.760212999999999917e-01
5.110000000000000000e+02 1.761104000000000003e-01
5.120000000000000000e+02 1.763409000000000226e-01
5.130000000000000000e+02 1.765458999999999778e-01
5.140000000000000000e+02 1.767143000000000186e-01
5.150000000000000000e+02 1.767432999999999921e-01
5.160000000000000000e+02 1.766683000000000281e-01
5.170000000000000000e+02 1.765471999999999875e-01
5.180000000000000000e+02 1.761047000000000029e-01
5.190000000000000000e+02 1.757060000000000011e-01
5.200000000000000000e+02 1.755057999999999896e-01
5.210000000000000000e+02 1.747813000000000005e-01
5.220000000000000000e+02 1.743823999999999930e-01
5.230000000000000000e+02 1.736770999999999732e-01
5.240000000000000000e+02 1.729428999999999828e-01
5.250000000000000000e+02 1.720320999999999934e-01
5.260000000000000000e+02 1.711532000000000053e-01
5.270000000000000000e+02 1.702591000000000243e-01
5.280000000000000000e+02 1.694625000000000159e-01
5.290000000000000000e+02 1.683275999999999661e-01
5.300000000000000000e+02 1.676006999999999914e-01
5.310000000000000000e+02 1.667582999999999982e-01
5.320000000000000000e+02 1.658799000000000246e-01
5.330000000000000000e+02 1.652243999999999935e-01
5.340000000000000000e+02 1.646411000000000124e-01
5.350000000000000000e+02 1.639630999999999728e-01
5.360000000000000000e+02 1.633525000000000116e-01
5.370000000000000000e+02 1.631178999999999824e-01
5.380000000000000000e+02 1.627579000000000109e-01
5.390000000000000000e+02 1.623707000000000067e-01
5.400000000000000000e+02 1.621983000000000175e-01
5.410000000000000000e+02 1.623538999999999954e-01
5.420000000000000000e+02 1.624994000000000161e-01
5.430000000000000000e+02 1.628672999999999926e-01
5.440000000000000000e+02 1.631885000000000141e-01
5.450000000000000000e+02 1.637691000000000008e-01
5.460000000000000000e+02 1.643835999999999908e-01
5.470000000000000000e+02 1.651495999999999797e-01
5.480000000000000000e+02 1.659752999999999923e-01
5.490000000000000000e+02 1.670425000000000382e-01
5.500000000000000000e+02 1.680983999999999812e-01
5.510000000000000000e+02 1.690576999999999774e-01
5.520000000000000000e+02 1.702147999999999994e-01
5.530000000000000000e+02 1.710402999999999785e-01
5.540000000000000000e+02 1.719554000000000082e-01
5.550000000000000000e+02 1.728890000000000149e-01
5.560000000000000000e+02 1.736773999999999818e-01
5.570000000000000000e+02 1.744347999999999732e-01
5.580000000000000000e+02 1.750715999999999939e-01
5.590000000000000000e+02 1.757501999999999953e-01
5.600000000000000000e+02 1.760925000000000129e-01
5.610000000000000000e+02 1.767357999999999707e-01
5.620000000000000000e+02 1.771018999999999788e-01
5.630000000000000000e+02 1.771985000000000088e-01
5.640000000000000000e+02 1.772237000000000118e-01
5.650000000000000000e+02 1.770394999999999885e-01
5.660000000000000000e+02 1.770028000000000157e-01
5.670000000000000000e+02 1.764547999999999672e-01
5.680000000000000000e+02 1.759802000000000033e-01
5.690000000000000000e+02 1.751325000000000243e-01
5.700000000000000000e+02 1.745977999999999974e-01
5.710000000000000000e+02 1.738688999999999929e-01
5.720000000000000000e+02 1.730623000000000022e-01
5.730000000000000000e+02 1.723979000000000206e-01
5.740000000000000000e+02 1.717637000000000191e-01
5.750000000000000000e+02 1.717903000000000069e-01
5.760000000000000000e+02 1.715030000000000165e-01
5.770000000000000000e+02 1.721322999999999881e-01
5.780000000000000000e+02 1.727173999999999932e-01
5.790000000000000000e+02 1.742672000000000110e-01
5.800000000000000000e+02 1.757765000000000022e-01
5.810000000000000000e+02 1.778166999999999942e-01
5.820000000000000000e+02 1.801624000000000003e-01
5.830000000000000000e+02 1.827972999999999959e-01
5.840000000000000000e+02 1.858153000000000166e-01
5.850000000000000000e+02 1.888989999999999836e-01
5.860000000000000000e+02 1.920840000000000047e-01
5.870000000000000000e+02 1.950921999999999934e-01
5.880000000000000000e+02 1.979894000000000098e-01
5.890000000000000000e+02 2.010485000000000189e-01
5.900000000000000000e+02 2.041426000000000074e-01
5.910000000000000000e+02 2.067914000000000141e-01
5.920000000000000000e+02 2.094854999999999912e-01
5.930000000000000000e+02 2.117427000000000059e-01
5.940000000000000000e+02 2.139452000000000020e-01
5.950000000000000000e+02 2.163948999999999734e-01
5.960000000000000000e+02 2.187305000000000221e-01
5.970000000000000000e+02 2.210075999999999985e-01
5.980000000000000000e+02 2.229327000000000114e-01
5.990000000000000000e+02 2.249897999999999898e-01
6.000000000000000000e+02 2.275355999999999490e-01
6.010000000000000000e+02 2.286391000000000118e-01
6.020000000000000000e+02 2.298251000000000044e-01
6.030000000000000000e+02 2.308382999999999963e-01
6.040000000000000000e+02 2.316831999999999780e-01
6.050000000000000000e+02 2.324932999999999583e-01
6.060000000000000000e+02 2.328806999999999960e-01
6.070000000000000000e+02 2.335281000000000162e-01
6.080000000000000000e+02 2.342626999999999904e-01
6.090000000000000000e+02 2.348625000000000296e-01
6.100000000000000000e+02 2.352814000000000016e-01
6.110000000000000000e+02 2.363294000000000228e-01
6.120000000000000000e+02 2.367377999999999982e-01
6.130000000000000000e+02 2.374839000000000255e-01
6.140000000000000000e+02 2.378994000000000109e-01
6.150000000000000000e+02 2.384455000000000324e-01
6.160000000000000000e+02 2.391419000000000461e-01
6.170000000000000000e+02 2.397326999999999653e-01
6.180000000000000000e+02 2.402089000000000030e-01
6.190000000000000000e+02 2.406994000000000633e-01
6.200000000000000000e+02 2.410853000000000024e-01
6.210000000000000000e+02 2.418229000000000073e-01
6.220000000000000000e+02 2.421168999999999960e-01
6.230000000000000000e+02 2.427313999999999861e-01
6.240000000000000000e+02 2.431279000000000079e-01
6.250000000000000000e+02 2.437404999999999711e-01
6.260000000000000000e+02 2.440856000000000137e-01
6.270000000000000000e+02 2.447001999999999788e-01
6.280000000000000000e+02 2.449238999999999999e-01
6.290000000000000000e+02 2.453612000000000015e-01
6.300000000000000000e+02 2.456668000000000185e-01
6.310000000000000000e+02 2.464764000000000121e-01
6.320000000000000000e+02 2.462645000000000250e-01
6.330000000000000000e+02 2.467393000000000503e-01
6.340000000000000000e+02 2.474384999999999779e-01
6.350000000000000000e+02 2.478025999999999840e-01
6.360000000000000000e+02 2.485272999999999788e-01
6.370000000000000000e+02 2.486231000000000135e-01
6.380000000000000000e+02 2.489454999999999585e-01
6.390000000000000000e+02 2.495585000000000164e-01
6.400000000000000000e+02 2.494431000000000009e-01
6.410000000000000000e+02 2.501751999999999865e-01
6.420000000000000000e+02 2.507593999999999101e-01
6.430000000000000000e+02 2.513619999999999743e-01
6.440000000000000000e+02 2.520249999999999990e-01
6.450000000000000000e+02 2.523013000000000061e-01
6.460000000000000000e+02 2.528913999999999884e-01
6.470000000000000000e+02 2.537692999999999754e-01
6.480000000000000000e+02 2.542802999999999591e-01
6.490000000000000000e+02 2.549066999999999861e-01
6.500000000000000000e+02 2.554458000000000562e-01
6.510000000000000000e+02 2.558730000000000171e-01
6.520000000000000000e+02 2.563330999999999804e-01
6.530000000000000000e+02 2.566686999999999719e-01
6.540000000000000000e+02 2.567704000000000097e-01
6.550000000000000000e+02 2.572367999999999877e-01
6.560000000000000000e+02 2.577648000000000161e-01
6.570000000000000000e+02 2.576816000000000106e-01
6.580000000000000000e+02 2.584298000000000428e-01
6.590000000000000000e+02 2.589736999999999734e-01
6.600000000000000000e+02 2.594503000000000226e-01
6.610000000000000000e+02 2.599781999999999926e-01
6.620000000000000000e+02 2.601742999999999695e-01
6.630000000000000000e+02 2.607245000000000257e-01
6.640000000000000000e+02 2.611135999999999457e-01
6.650000000000000000e+02 2.611401999999999890e-01
6.660000000000000000e+02 2.620426999999999618e-01
6.670000000000000000e+02 2.623887999999999776e-01
6.680000000000000000e+02 2.628047000000000022e-01
6.690000000000000000e+02 2.632069000000000214e-01
6.700000000000000000e+02 2.637649000000000243e-01
6.710000000000000000e+02 2.642004000000000019e-01
6.720000000000000000e+02 2.648636999999999797e-01
6.730000000000000000e+02 2.648576999999999737e-01
6.740000000000000000e+02 2.656306000000000500e-01
6.750000000000000000e+02 2.659812000000000287e-01
6.760000000000000000e+02 2.661595999999999962e-01
6.770000000000000000e+02 2.668928999999999885e-01
6.780000000000000000e+02 2.669656999999999725e-01
6.790000000000000000e+02 2.681305999999999967e-01
6.800000000000000000e+02 2.686648999999999843e-01
6.810000000000000000e+02 2.685574000000000017e-01
6.820000000000000000e+02 2.688897000000000093e-01
6.830000000000000000e+02 2.696545999999999665e-01
6.840000000000000000e+02 2.697214999999999474e-01
6.850000000000000000e+02 2.699699000000000959e-01
6.860000000000000000e+02 2.703866000000000325e-01
6.870000000000000000e+02 2.710454000000000474e-01
6.880000000000000000e+02 2.711424999999999530e-01
6.890000000000000000e+02 2.714759000000000477e-01
6.900000000000000000e+02 2.714847000000000232e-01
6.910000000000000000e+02 2.723959999999999715e-01
6.920000000000000000e+02 2.724976000000000065e-01
6.930000000000000000e+02 2.730399000000000020e-01
6.940000000000000000e+02 2.735272999999999732e-01
6.950000000000000000e+02 2.738644000000000078e-01
6.960000000000000000e+02 2.741369999999999640e-01
6.970000000000000000e+02 2.745339999999999447e-01
6.980000000000000000e+02 2.751527999999999752e-01
6.990000000000000000e+02 2.754010000000000069e-01
7.000000000000000000e+02 2.761708999999999969e-01
