4.500000000000000000e+02 3.408925000000000149e-02 1.160015000000000074e-01 1.702214999999999978e-01
4.550000000000000000e+02 3.875184999999999741e-02 1.267718999999999929e-01 1.851980999999999766e-01
4.600000000000000000e+02 4.135377999999999971e-02 1.311719999999999831e-01 1.906201999999999896e-01
4.650000000000000000e+02 4.383480999999999489e-02 1.349355999999999889e-01 1.951375999999999944e-01
4.700000000000000000e+02 4.612671999999999606e-02 1.382922000000000040e-01 1.993008999999999753e-01
4.750000000000000000e+02 4.832580000000000209e-02 1.414119000000000070e-01 2.024134999999999684e-01
4.800000000000000000e+02 5.039584000000000424e-02 1.440159000000000300e-01 2.052809999999999913e-01
4.850000000000000000e+02 5.228686000000000444e-02 1.456835999999999964e-01 2.068119999999999958e-01
4.900000000000000000e+02 5.391167000000000181e-02 1.471890000000000143e-01 2.081322000000000172e-01
4.950000000000000000e+02 5.567981999999999099e-02 1.487508000000000163e-01 2.095622000000000040e-01
5.000000000000000000e+02 5.732295999999999919e-02 1.500087999999999977e-01 2.103569000000000133e-01
5.050000000000000000e+02 5.889462000000000863e-02 1.514828999999999759e-01 2.116022000000000181e-01
5.100000000000000000e+02 6.021435000000000676e-02 1.521745000000000181e-01 2.116795000000000204e-01
5.150000000000000000e+02 6.135336000000000262e-02 1.525843000000000060e-01 2.111848999999999810e-01
5.200000000000000000e+02 6.182358000000000298e-02 1.515459000000000112e-01 2.092158000000000073e-01
5.250000000000000000e+02 6.160747999999999225e-02 1.487708000000000086e-01 2.043990999999999725e-01
5.300000000000000000e+02 6.089158000000000071e-02 1.451296000000000253e-01 1.985700999999999994e-01
5.350000000000000000e+02 6.049265999999999671e-02 1.422393999999999881e-01 1.939209000000000072e-01
5.400000000000000000e+02 6.061366999999999450e-02 1.408078999999999859e-01 1.913353000000000137e-01
5.450000000000000000e+02 6.188890999999999837e-02 1.417829999999999924e-01 1.921261000000000219e-01
5.500000000000000000e+02 6.416349000000000358e-02 1.451986000000000110e-01 1.958207000000000142e-01
5.550000000000000000e+02 6.673469000000001317e-02 1.489121999999999946e-01 2.005259999999999820e-01
5.600000000000000000e+02 6.848008999999999347e-02 1.517322999999999866e-01 2.036826999999999666e-01
5.650000000000000000e+02 6.965408999999998796e-02 1.524215000000000153e-01 2.038727999999999929e-01
5.700000000000000000e+02 6.942579999999999585e-02 1.504918999999999840e-01 2.006895000000000207e-01
5.750000000000000000e+02 6.895155999999999508e-02 1.482681000000000138e-01 1.970379000000000158e-01
5.800000000000000000e+02 7.108609999999999929e-02 1.512710999999999917e-01 2.005982000000000043e-01
5.850000000000000000e+02 7.688504999999999645e-02 1.619961000000000040e-01 2.142907999999999757e-01
5.900000000000000000e+02 8.327640999999999516e-02 1.739439999999999875e-01 2.299775000000000291e-01
5.950000000000000000e+02 8.876238000000000183e-02 1.841862000000000221e-01 2.424481999999999748e-01
6.000000000000000000e+02 9.349536999999999431e-02 1.927601999999999927e-01 2.537274999999999947e-01
