4.500000000000000000e+02 2.121193999999999857e-02
4.510000000000000000e+02 2.426880999999999830e-02
4.520000000000000000e+02 2.783337000000000311e-02
4.530000000000000000e+02 3.122820999999999930e-02
4.540000000000000000e+02 3.507777000000000117e-02
4.550000000000000000e+02 3.688965000000000299e-02
4.560000000000000000e+02 3.886465000000000058e-02
4.570000000000000000e+02 4.026170000000000443e-02
4.580000000000000000e+02 4.173130999999999369e-02
4.590000000000000000e+02 4.323744999999999672e-02
4.600000000000000000e+02 4.488001000000001184e-02
4.610000000000000000e+02 4.665389999999999815e-02
4.620000000000000000e+02 4.836578999999999878e-02
4.630000000000000000e+02 4.942553999999999698e-02
4.640000000000000000e+02 5.055502000000000606e-02
4.650000000000000000e+02 5.213202999999999587e-02
4.660000000000000000e+02 5.371051000000000297e-02
4.670000000000000000e+02 5.505792999999999798e-02
4.680000000000000000e+02 5.651785000000000142e-02
4.690000000000000000e+02 5.776071000000000677e-02
4.700000000000000000e+02 5.898023000000000154e-02
4.710000000000000000e+02 6.013009999999999883e-02
4.720000000000000000e+02 6.144349000000000338e-02
4.730000000000000000e+02 6.255463999999999469e-02
4.740000000000000000e+02 6.360621000000002412e-02
4.750000000000000000e+02 6.471092000000000510e-02
4.760000000000000000e+02 6.569592999999999960e-02
4.770000000000000000e+02 6.666990000000000416e-02
4.780000000000000000e+02 6.767523999999999762e-02
4.790000000000000000e+02 6.859809999999999519e-02
4.800000000000000000e+02 6.962021000000000182e-02
4.810000000000000000e+02 7.026123000000000784e-02
4.820000000000000000e+02 7.101217999999999420e-02
4.830000000000000000e+02 7.161840999999999346e-02
4.840000000000000000e+02 7.219064000000000036e-02
4.850000000000000000e+02 7.259402000000000910e-02
4.860000000000000000e+02 7.318209999999999993e-02
4.870000000000000000e+02 7.364448999999999301e-02
4.880000000000000000e+02 7.416417999999999622e-02
4.890000000000000000e+02 7.450226999999999544e-02
4.900000000000000000e+02 7.495850000000001123e-02
4.910000000000000000e+02 7.542002999999999902e-02
4.920000000000000000e+02 7.585826999999999154e-02
4.930000000000000000e+02 7.639228000000000685e-02
4.940000000000000000e+02 7.680564000000000835e-02
4.950000000000000000e+02 7.727106000000001640e-02
4.960000000000000000e+02 7.764294999999998836e-02
4.970000000000000000e+02 7.812027000000000554e-02
4.980000000000000000e+02 7.853046999999999112e-02
4.990000000000000000e+02 7.878918999999999506e-02
5.000000000000000000e+02 7.895400999999999114e-02
5.010000000000000000e+02 7.919310999999999712e-02
5.020000000000000000e+02 7.935534999999999117e-02
5.030000000000000000e+02 7.951218000000000174e-02
5.040000000000000000e+02 7.959664000000001016e-02
5.050000000000000000e+02 7.992671999999999277e-02
5.060000000000000000e+02 8.022510000000000752e-02
5.070000000000000000e+02 8.013730000000000853e-02
5.080000000000000000e+02 8.021406999999999843e-02
5.090000000000000000e+02 8.006502000000000063e-02
5.100000000000000000e+02 8.007917000000000507e-02
5.110000000000000000e+02 7.994240000000001067e-02
5.120000000000000000e+02 7.987735999999999448e-02
5.130000000000000000e+02 7.957658999999998872e-02
5.140000000000000000e+02 7.935762999999998457e-02
5.150000000000000000e+02 7.897262000000000726e-02
5.160000000000000000e+02 7.860675000000000301e-02
5.170000000000000000e+02 7.768612999999999214e-02
5.180000000000000000e+02 7.681113999999999997e-02
5.190000000000000000e+02 7.591704000000000507e-02
5.200000000000000000e+02 7.500937999999998662e-02
5.210000000000000000e+02 7.378348999999999325e-02
5.220000000000000000e+02 7.258480000000000487e-02
5.230000000000000000e+02 7.124547999999999992e-02
5.240000000000000000e+02 6.989801000000001041e-02
5.250000000000000000e+02 6.840055000000001828e-02
5.260000000000000000e+02 6.696662000000000448e-02
5.270000000000000000e+02 6.553864000000000911e-02
5.280000000000000000e+02 6.421179999999998556e-02
5.290000000000000000e+02 6.266877999999999338e-02
5.300000000000000000e+02 6.119172000000000500e-02
5.310000000000000000e+02 5.979324000000000444e-02
5.320000000000000000e+02 5.850697000000000536e-02
5.330000000000000000e+02 5.746347000000000260e-02
5.340000000000000000e+02 5.650085000000000524e-02
5.350000000000000000e+02 5.568127000000000493e-02
5.360000000000000000e+02 5.483027999999999513e-02
5.370000000000000000e+02 5.426809000000000494e-02
5.380000000000000000e+02 5.370227999999999113e-02
5.390000000000000000e+02 5.325750999999999402e-02
5.400000000000000000e+02 5.277583000000000274e-02
5.410000000000000000e+02 5.274826999999999988e-02
5.420000000000000000e+02 5.272458000000000006e-02
5.430000000000000000e+02 5.297418999999999739e-02
5.440000000000000000e+02 5.327684000000000586e-02
5.450000000000000000e+02 5.385056000000000564e-02
5.460000000000000000e+02 5.438700999999999952e-02
5.470000000000000000e+02 5.534822999999999826e-02
5.480000000000000000e+02 5.629923999999999346e-02
5.490000000000000000e+02 5.727035999999999932e-02
5.500000000000000000e+02 5.848667999999999922e-02
5.510000000000000000e+02 5.956413000000000679e-02
5.520000000000000000e+02 6.066125000000001377e-02
5.530000000000000000e+02 6.167833000000000343e-02
5.540000000000000000e+02 6.265917000000001402e-02
5.550000000000000000e+02 6.371820999999999735e-02
5.560000000000000000e+02 6.455072999999998673e-02
5.570000000000000000e+02 6.513071000000000832e-02
5.580000000000000000e+02 6.575580999999999787e-02
5.590000000000000000e+02 6.620465000000000377e-02
5.600000000000000000e+02 6.667574000000001111e-02
5.610000000000000000e+02 6.717483999999998567e-02
5.620000000000000000e+02 6.747876999999999348e-02
5.630000000000000000e+02 6.740260000000000695e-02
5.640000000000000000e+02 6.733462999999999254e-02
5.650000000000000000e+02 6.682114000000001497e-02
5.660000000000000000e+02 6.633812000000001430e-02
5.670000000000000000e+02 6.545399999999998442e-02
5.680000000000000000e+02 6.457321000000000588e-02
5.690000000000000000e+02 6.350966999999999030e-02
5.700000000000000000e+02 6.252755000000001506e-02
5.710000000000000000e+02 6.147217000000000653e-02
5.720000000000000000e+02 6.038981000000000210e-02
5.730000000000000000e+02 5.944699999999999290e-02
5.740000000000000000e+02 5.855803999999999870e-02
5.750000000000000000e+02 5.820973000000000119e-02
5.760000000000000000e+02 5.787467000000000306e-02
5.770000000000000000e+02 5.841359000000000135e-02
5.780000000000000000e+02 5.907856000000000218e-02
5.790000000000000000e+02 6.067134999999999889e-02
5.800000000000000000e+02 6.240255000000000107e-02
5.810000000000000000e+02 6.489280999999999522e-02
5.820000000000000000e+02 6.757815999999999823e-02
5.830000000000000000e+02 7.110004999999999797e-02
5.840000000000000000e+02 7.488174999999999693e-02
5.850000000000000000e+02 7.884315000000000073e-02
5.860000000000000000e+02 8.317508999999999320e-02
5.870000000000000000e+02 8.732687999999999562e-02
5.880000000000000000e+02 9.196233000000000879e-02
5.890000000000000000e+02 9.626105999999999552e-02
5.900000000000000000e+02 1.012431000000000025e-01
5.910000000000000000e+02 1.055766999999999955e-01
5.920000000000000000e+02 1.102726000000000123e-01
5.930000000000000000e+02 1.145705999999999947e-01
5.940000000000000000e+02 1.191489000000000020e-01
5.950000000000000000e+02 1.233882999999999786e-01
5.960000000000000000e+02 1.278644999999999921e-01
5.970000000000000000e+02 1.316103000000000134e-01
5.980000000000000000e+02 1.356448999999999849e-01
5.990000000000000000e+02 1.401279000000000274e-01
6.000000000000000000e+02 1.450252999999999681e-01
6.010000000000000000e+02 1.474157999999999857e-01
6.020000000000000000e+02 1.498976999999999948e-01
6.030000000000000000e+02 1.524868999999999808e-01
6.040000000000000000e+02 1.551302999999999988e-01
6.050000000000000000e+02 1.575620999999999827e-01
6.060000000000000000e+02 1.600366999999999762e-01
6.070000000000000000e+02 1.618799999999999961e-01
6.080000000000000000e+02 1.638293999999999861e-01
6.090000000000000000e+02 1.659434999999999938e-01
6.100000000000000000e+02 1.680523999999999907e-01
6.110000000000000000e+02 1.701200999999999686e-01
6.120000000000000000e+02 1.721881999999999857e-01
6.130000000000000000e+02 1.742983999999999922e-01
6.140000000000000000e+02 1.763648999999999911e-01
6.150000000000000000e+02 1.778139000000000247e-01
6.160000000000000000e+02 1.793444999999999900e-01
6.170000000000000000e+02 1.806293999999999955e-01
6.180000000000000000e+02 1.822447000000000095e-01
6.190000000000000000e+02 1.835617999999999972e-01
6.200000000000000000e+02 1.850984000000000240e-01
6.210000000000000000e+02 1.865089000000000330e-01
6.220000000000000000e+02 1.875387000000000026e-01
6.230000000000000000e+02 1.891212000000000171e-01
6.240000000000000000e+02 1.903539000000000203e-01
6.250000000000000000e+02 1.915858000000000005e-01
6.260000000000000000e+02 1.927614999999999745e-01
6.270000000000000000e+02 1.939185999999999965e-01
6.280000000000000000e+02 1.951113999999999904e-01
6.290000000000000000e+02 1.961263000000000034e-01
6.300000000000000000e+02 1.970580000000000109e-01
6.310000000000000000e+02 1.984267000000000114e-01
6.320000000000000000e+02 1.992697000000000218e-01
6.330000000000000000e+02 2.003613000000000199e-01
6.340000000000000000e+02 2.017472000000000154e-01
6.350000000000000000e+02 2.025131999999999766e-01
6.360000000000000000e+02 2.033185000000000131e-01
6.370000000000000000e+02 2.040205999999999964e-01
6.380000000000000000e+02 2.048370999999999942e-01
6.390000000000000000e+02 2.055210999999999844e-01
6.400000000000000000e+02 2.063035999999999759e-01
6.410000000000000000e+02 2.070088999999999957e-01
6.420000000000000000e+02 2.081143000000000021e-01
6.430000000000000000e+02 2.088450000000000029e-01
6.440000000000000000e+02 2.097265000000000101e-01
6.450000000000000000e+02 2.103071000000000246e-01
6.460000000000000000e+02 2.111885000000000012e-01
6.470000000000000000e+02 2.120187000000000044e-01
6.480000000000000000e+02 2.129445000000000088e-01
6.490000000000000000e+02 2.135385999999999951e-01
6.500000000000000000e+02 2.145147999999999777e-01
6.510000000000000000e+02 2.152658000000000071e-01
6.520000000000000000e+02 2.159447000000000172e-01
6.530000000000000000e+02 2.167705000000000326e-01
6.540000000000000000e+02 2.174263000000000168e-01
6.550000000000000000e+02 2.182440999999999964e-01
6.560000000000000000e+02 2.188013000000000319e-01
6.570000000000000000e+02 2.198069000000000273e-01
6.580000000000000000e+02 2.206018999999999897e-01
6.590000000000000000e+02 2.212786000000000475e-01
6.600000000000000000e+02 2.218657000000000268e-01
6.610000000000000000e+02 2.223295999999999883e-01
6.620000000000000000e+02 2.230170000000000208e-01
6.630000000000000000e+02 2.238284000000000107e-01
6.640000000000000000e+02 2.246905999999999626e-01
6.650000000000000000e+02 2.251966999999999997e-01
6.660000000000000000e+02 2.257496999999999976e-01
6.670000000000000000e+02 2.266548999999999925e-01
6.680000000000000000e+02 2.273489000000000204e-01
6.690000000000000000e+02 2.280924999999999758e-01
6.700000000000000000e+02 2.287334999999999785e-01
6.710000000000000000e+02 2.294398000000000271e-01
6.720000000000000000e+02 2.301786000000000387e-01
6.730000000000000000e+02 2.306642000000000137e-01
6.740000000000000000e+02 2.316987999999999825e-01
6.750000000000000000e+02 2.322316000000000380e-01
6.760000000000000000e+02 2.330810000000000104e-01
6.770000000000000000e+02 2.335474000000000161e-01
6.780000000000000000e+02 2.341356000000000270e-01
6.790000000000000000e+02 2.349889999999999757e-01
6.800000000000000000e+02 2.357985999999999971e-01
6.810000000000000000e+02 2.365629999999999955e-01
6.820000000000000000e+02 2.369937999999999767e-01
6.830000000000000000e+02 2.375894999999999813e-01
6.840000000000000000e+02 2.383325000000000027e-01
6.850000000000000000e+02 2.389618000000000020e-01
6.860000000000000000e+02 2.394620000000000082e-01
6.870000000000000000e+02 2.400444999999999385e-01
6.880000000000000000e+02 2.408673000000000342e-01
6.890000000000000000e+02 2.415517000000000358e-01
6.900000000000000000e+02 2.418904999999999528e-01
6.910000000000000000e+02 2.423867000000000105e-01
6.920000000000000000e+02 2.430987000000000564e-01
6.930000000000000000e+02 2.434099999999999875e-01
6.940000000000000000e+02 2.443656999999999913e-01
6.950000000000000000e+02 2.446416000000000146e-01
6.960000000000000000e+02 2.452787000000000162e-01
6.970000000000000000e+02 2.457099000000000366e-01
6.980000000000000000e+02 2.461850000000000149e-01
6.990000000000000000e+02 2.466981000000000035e-01
7.000000000000000000e+02 2.471568999999999572e-01
